0161 0
0836 1
0856 2
0883 3
0898 4
0902 5
0903 6
0908 7
100 8
1001 9
1018 10
1019 11
1035 12
1039 13
1059 14
1077 15
1078 16
111 17
1116 18
1124 19
1141 20
1158 21
1164 22
1179 23
1189 24
1194 25
1198 26
1221 27
1227 28
1230 29
1233 30
1236 31
1250 32
1315 33
1333 34
1350 35
1351 36
1364 37
1366 38
1368 39
1371 40
1501 41
1512 42
1541 43
1543 44
1554 45
1559 46
1570 47
1578 48
1588 49
1592 50
1598 51
1604 52
1605 53
1606 54
1612 55
1624 56
1645 57
1654 58
1702 59
1703 60
1736 61
1746 62
1756 63
1770 64
1775 65
1811 66
1814 67
1822 68
1840 69
1852 70
1864 71
1878 72
1879 73
1881 74
1894 75
1896 76
19 77
1954 78
1969 79
1984 80
1989 81
1991 82
1992 83
1996 84
1999 85
2005 86
2040 87
2044 88
2047 89
2059 90
2063 91
2067 92
2076 93
2079 94
2086 95
2203 96
2209 97
2211 98
2216 99
2233 100
2234 101
2238 102
2243 103
2253 104
2257 105
2312 106
2313 107
232 108
2327 109
2350 110
2351 111
2352 112
2354 113
2385 114
2386 115
2388 116
2390 117
2392 118
2393 119
2395 120
2396 121
2401 122
2402 123
2412 124
2419 125
2420 126
2426 127
2448 128
2458 129
2469 130
2470 131
2471 132
2488 133
2489 134
2495 135
2496 136
2500 137
2501 138
2529 139
2532 140
2535 141
2537 142
2542 143
2544 144
2556 145
2562 146
2564 147
2570 148
2576 149
2578 150
2579 151
2580 152
2581 153
2582 154
2583 155
2585 156
2604 157
2607 158
2608 159
2609 160
2610 161
2611 162
2612 163
2622 164
2624 165
2625 166
2628 167
263 168
2633 169
2639 170
2640 171
2641 172
2642 173
2649 174
2654 175
2656 176
2657 177
266 178
2667 179
2669 180
2673 181
2674 182
2684 183
2698 184
2701 185
2711 186
2713 187
2714 188
2715 189
2726 190
2727 191
2729 192
2730 193
2732 194
2733 195
2737 196
2740 197
2748 198
2750 199
2754 200
2764 201
2766 202
2772 203
2773 204
2774 205
2776 206
2778 207
2779 208
2807 209
2808 210
2814 211
2817 212
2822 213
2824 214
2825 215
2826 216
2827 217
2828 218
2829 219
2830 220
2831 221
2832 222
2833 223
2834 224
2835 225
2836 226
2837 227
2838 228
2839 229
2840 230
2841 231
2842 232
2843 233
2844 234
2845 235
2846 236
2847 237
2848 238
2849 239
2850 240
2851 241
2852 242
2853 243
2854 244
2855 245
2856 246
2857 247
2858 248
2859 249
2860 250
2861 251
2862 252
2863 253
2864 254
2865 255
2866 256
2867 257
2868 258
2869 259
2870 260
2871 261
2872 262
2873 263
2874 264
2875 265
2876 266
2877 267
2878 268
2879 269
2880 270
2881 271
2882 272
2883 273
2884 274
2885 275
2886 276
2887 277
2888 278
2889 279
2890 280
2891 281
2892 282
2893 283
2894 284
2895 285
2896 286
2897 287
2898 288
2899 289
2900 290
2901 291
2902 292
2903 293
2904 294
2905 295
2906 296
2907 297
2908 298
2909 299
2910 300
2911 301
2912 302
2913 303
2914 304
2915 305
2916 306
2917 307
2918 308
2919 309
2920 310
2921 311
2922 312
2923 313
2924 314
2925 315
2926 316
2927 317
2928 318
2929 319
2930 320
2931 321
2932 322
2935 323
2937 324
2938 325
2939 326
2940 327
2941 328
2942 329
2943 330
2944 331
2945 332
2946 333
2947 334
2948 335
2949 336
2950 337
2952 338
2953 339
2954 340
2955 341
2956 342
2957 343
2958 344
2959 345
2960 346
2961 347
2962 348
2963 349
2964 350
2965 351
2966 352
2967 353
2968 354
2969 355
2970 356
2971 357
2972 358
2973 359
2974 360
2975 361
2976 362
2977 363
2978 364
2980 365
2981 366
2982 367
2983 368
2984 369
2985 370
2986 371
2987 372
2988 373
2989 374
2990 375
2991 376
2992 377
2993 378
2994 379
2995 380
2996 381
2997 382
2998 383
2999 384
3000 385
3001 386
3002 387
3003 388
3004 389
3005 390
3006 391
3007 392
3008 393
3009 394
3010 395
3011 396
3012 397
3013 398
3014 399
3015 400
3016 401
3017 402
3018 403
3019 404
3020 405
3021 406
3022 407
3023 408
3024 409
3025 410
3026 411
3027 412
3028 413
3029 414
3030 415
3031 416
3032 417
3034 418
3035 419
3036 420
3037 421
3038 422
3039 423
3040 424
3041 425
3042 426
3043 427
3044 428
3045 429
3046 430
3047 431
3048 432
3049 433
3050 434
3051 435
3052 436
3053 437
3054 438
3055 439
3056 440
3057 441
3058 442
3060 443
3061 444
3062 445
3063 446
3064 447
3065 448
3066 449
3067 450
3068 451
3069 452
3070 453
3071 454
3072 455
3073 456
3074 457
3075 458
3076 459
3077 460
3078 461
3079 462
3080 463
3081 464
3082 465
3083 466
3084 467
3085 468
3086 469
3087 470
3088 471
3089 472
3090 473
3091 474
3092 475
3093 476
3094 477
3095 478
3096 479
3097 480
3098 481
3099 482
3100 483
3101 484
3102 485
3103 486
3104 487
3105 488
3106 489
3107 490
3109 491
3110 492
3111 493
3112 494
3113 495
3114 496
3115 497
3116 498
3117 499
3118 500
3119 501
3120 502
3121 503
3122 504
3123 505
3124 506
3125 507
3126 508
3127 509
3128 510
3129 511
3130 512
3131 513
3132 514
3133 515
3134 516
3135 517
3136 518
3137 519
3138 520
3139 521
3140 522
3141 523
3142 524
3143 525
3144 526
3145 527
3146 528
3147 529
3148 530
3149 531
3150 532
3151 533
3152 534
3153 535
3154 536
3155 537
3156 538
3157 539
3158 540
3159 541
3160 542
3161 543
3162 544
3163 545
3164 546
3165 547
3166 548
3167 549
3168 550
3169 551
3170 552
3171 553
3173 554
3175 555
3176 556
3178 557
3179 558
3180 559
3181 560
3182 561
3183 562
3184 563
3185 564
3186 565
3187 566
3188 567
3189 568
3190 569
3191 570
3192 571
3193 572
3194 573
3195 574
3196 575
3197 576
3198 577
3199 578
3200 579
3201 580
3202 581
3203 582
3204 583
3205 584
3206 585
3207 586
3208 587
3209 588
3210 589
3211 590
3212 591
3214 592
3215 593
3216 594
3217 595
3219 596
3220 597
3221 598
3232 599
3234 600
3250 601
3257 602
3260 603
3262 604
3263 605
3273 606
3282 607
3283 608
3284 609
3285 610
3286 611
3287 612
3288 613
3289 614
3290 615
3291 616
3292 617
3293 618
3294 619
3295 620
3296 621
3297 622
3298 623
3299 624
3300 625
3301 626
3302 627
3303 628
3304 629
3305 630
3306 631
3307 632
3308 633
3309 634
3310 635
3311 636
3312 637
3313 638
3314 639
3315 640
3316 641
3317 642
3318 643
3319 644
3320 645
3321 646
3322 647
3323 648
3324 649
3325 650
3326 651
3327 652
3328 653
3329 654
3330 655
3331 656
3332 657
3333 658
3334 659
3335 660
3336 661
3337 662
3338 663
3339 664
3340 665
3341 666
3342 667
3343 668
3344 669
3345 670
3346 671
3348 672
3349 673
3350 674
3351 675
3352 676
3353 677
3354 678
3355 679
3356 680
3357 681
3358 682
3359 683
3360 684
3361 685
3362 686
3363 687
3364 688
3365 689
3366 690
3367 691
3368 692
3369 693
3370 694
3371 695
3372 696
3373 697
3374 698
3375 699
3376 700
3377 701
3378 702
3379 703
3380 704
3381 705
3382 706
3383 707
3384 708
3385 709
3386 710
3387 711
3388 712
3389 713
3390 714
3391 715
3392 716
3393 717
3394 718
3395 719
3396 720
3397 721
3398 722
3399 723
3400 724
3401 725
3402 726
3403 727
3404 728
3405 729
3406 730
3407 731
3408 732
3409 733
3410 734
3411 735
3412 736
3413 737
3415 738
3416 739
3417 740
3418 741
3419 742
3420 743
3421 744
3422 745
3423 746
3424 747
3425 748
3426 749
3427 750
3428 751
3429 752
3430 753
3431 754
3433 755
3434 756
3435 757
3436 758
3437 759
3438 760
3439 761
3440 762
3441 763
3442 764
3443 765
3444 766
3445 767
3446 768
3447 769
3448 770
3449 771
3450 772
3451 773
3452 774
3453 775
3454 776
3455 777
3456 778
3457 779
3458 780
3459 781
3460 782
3461 783
3462 784
3464 785
3465 786
3466 787
3467 788
3468 789
3469 790
3470 791
3471 792
3472 793
3473 794
3474 795
3475 796
3476 797
3477 798
3478 799
3479 800
3480 801
3481 802
3482 803
3483 804
3484 805
3493 806
3494 807
3497 808
3500 809
3503 810
3504 811
3505 812
3506 813
3507 814
3508 815
3509 816
3510 817
3511 818
3512 819
3513 820
3514 821
3515 822
3516 823
3517 824
3518 825
3519 826
3520 827
3521 828
3522 829
3523 830
3524 831
3525 832
3526 833
3527 834
3528 835
3529 836
3530 837
3531 838
3532 839
3533 840
3534 841
3535 842
3536 843
3537 844
3538 845
3539 846
3540 847
3541 848
3542 849
3543 850
3544 851
3545 852
3546 853
3547 854
3548 855
3549 856
3550 857
3551 858
3552 859
3553 860
3554 861
3555 862
3556 863
3557 864
3558 865
3559 866
3560 867
3561 868
3562 869
3563 870
3564 871
3565 872
3566 873
3567 874
3568 875
3569 876
3570 877
3571 878
3572 879
3573 880
3574 881
3575 882
3576 883
3577 884
3578 885
3579 886
3580 887
3581 888
3582 889
3583 890
3584 891
3585 892
3586 893
3587 894
3588 895
3589 896
3590 897
3591 898
3592 899
3593 900
3594 901
3595 902
3596 903
3597 904
3598 905
3599 906
3600 907
3601 908
3602 909
3603 910
3604 911
3605 912
3606 913
3607 914
3608 915
3609 916
3610 917
3611 918
3612 919
3613 920
3614 921
3615 922
3616 923
3617 924
3618 925
3619 926
3620 927
3621 928
3622 929
3623 930
3624 931
3625 932
3626 933
3627 934
3628 935
3629 936
3630 937
3631 938
3632 939
3633 940
3634 941
3635 942
3636 943
3637 944
3638 945
3639 946
3640 947
3641 948
3642 949
3643 950
3644 951
3645 952
3646 953
3647 954
3648 955
3649 956
3650 957
3651 958
3652 959
3653 960
3654 961
3655 962
3656 963
3657 964
3658 965
3659 966
3660 967
3661 968
3662 969
3663 970
3664 971
3665 972
3666 973
3667 974
3668 975
3669 976
3670 977
3671 978
3672 979
3673 980
3674 981
3675 982
3676 983
3677 984
3678 985
3679 986
3680 987
3681 988
3682 989
3683 990
3684 991
3685 992
3686 993
3687 994
3688 995
3689 996
3690 997
3691 998
3692 999
3693 1000
3694 1001
3695 1002
3696 1003
3697 1004
3698 1005
3699 1006
3700 1007
3701 1008
3702 1009
3703 1010
3704 1011
3705 1012
3706 1013
3707 1014
3708 1015
3709 1016
3710 1017
3711 1018
3712 1019
3713 1020
3714 1021
3715 1022
3716 1023
3717 1024
3718 1025
3719 1026
3720 1027
3721 1028
3722 1029
3723 1030
3724 1031
3725 1032
3726 1033
3727 1034
3728 1035
3729 1036
3730 1037
3731 1038
3732 1039
3733 1040
3734 1041
3735 1042
3736 1043
3737 1044
3738 1045
3739 1046
3740 1047
3741 1048
3742 1049
3743 1050
3744 1051
3745 1052
3746 1053
3747 1054
3748 1055
3749 1056
3750 1057
3751 1058
3752 1059
3753 1060
3754 1061
3755 1062
3756 1063
3757 1064
3758 1065
3759 1066
3760 1067
3761 1068
3762 1069
3763 1070
3764 1071
3765 1072
3766 1073
3767 1074
3768 1075
3769 1076
3770 1077
3771 1078
3772 1079
3773 1080
3774 1081
3775 1082
3776 1083
3777 1084
3778 1085
3779 1086
3780 1087
3781 1088
3782 1089
3783 1090
3784 1091
3785 1092
3786 1093
3787 1094
3788 1095
3789 1096
3790 1097
3791 1098
3792 1099
3794 1100
3795 1101
3796 1102
3797 1103
3798 1104
3799 1105
3800 1106
3801 1107
3802 1108
3803 1109
3804 1110
3805 1111
3806 1112
3807 1113
3808 1114
3809 1115
3810 1116
3811 1117
3812 1118
3813 1119
3814 1120
3815 1121
3817 1122
3818 1123
3819 1124
3820 1125
3821 1126
3822 1127
3823 1128
3824 1129
3825 1130
3826 1131
3827 1132
3828 1133
3829 1134
3830 1135
3831 1136
3832 1137
3833 1138
3834 1139
3835 1140
3836 1141
3837 1142
3838 1143
3839 1144
3840 1145
3841 1146
3842 1147
3843 1148
3844 1149
3845 1150
3846 1151
3847 1152
3849 1153
3850 1154
3851 1155
3852 1156
3853 1157
3854 1158
3855 1159
3856 1160
3857 1161
3858 1162
3859 1163
3860 1164
3861 1165
3862 1166
3863 1167
3864 1168
3865 1169
3866 1170
3867 1171
3868 1172
3869 1173
3870 1174
3871 1175
3872 1176
3873 1177
3874 1178
3875 1179
3876 1180
3877 1181
3878 1182
3879 1183
3880 1184
3881 1185
3882 1186
3883 1187
3884 1188
3885 1189
3886 1190
3887 1191
3888 1192
3889 1193
3890 1194
3891 1195
3892 1196
3893 1197
3894 1198
3895 1199
3896 1200
3897 1201
3898 1202
3899 1203
3900 1204
3901 1205
3902 1206
3903 1207
3904 1208
3905 1209
3906 1210
3907 1211
3908 1212
3909 1213
3910 1214
3911 1215
3912 1216
3914 1217
3915 1218
3916 1219
3917 1220
3918 1221
3919 1222
3920 1223
3921 1224
3922 1225
3923 1226
3924 1227
3925 1228
3926 1229
3927 1230
3928 1231
3929 1232
3930 1233
3931 1234
3932 1235
3933 1236
3934 1237
3935 1238
3936 1239
3937 1240
3938 1241
3939 1242
3940 1243
3941 1244
3942 1245
3943 1246
3944 1247
3945 1248
3946 1249
3947 1250
3948 1251
3949 1252
3950 1253
3951 1254
3952 1255
3953 1256
3954 1257
3955 1258
3956 1259
3957 1260
3958 1261
3959 1262
3960 1263
3961 1264
3962 1265
3963 1266
3964 1267
3965 1268
3966 1269
3967 1270
3968 1271
3969 1272
3971 1273
3972 1274
3973 1275
3974 1276
3975 1277
3976 1278
3977 1279
3978 1280
3979 1281
3980 1282
3981 1283
3983 1284
448 1285
5000 1286
5001 1287
5002 1288
5003 1289
5004 1290
5005 1291
5006 1292
5007 1293
5008 1294
5009 1295
5010 1296
5011 1297
5012 1298
5013 1299
5014 1300
5015 1301
5016 1302
5017 1303
5018 1304
5019 1305
5020 1306
5021 1307
5022 1308
5023 1309
5024 1310
5025 1311
5026 1312
5027 1313
5028 1314
5029 1315
5030 1316
5031 1317
5032 1318
5033 1319
5034 1320
5035 1321
5036 1322
5037 1323
5038 1324
5039 1325
5040 1326
5041 1327
5042 1328
5043 1329
5044 1330
5045 1331
5046 1332
5047 1333
5048 1334
5049 1335
5050 1336
5051 1337
5052 1338
5053 1339
5054 1340
5055 1341
5056 1342
5057 1343
5058 1344
5059 1345
5060 1346
5061 1347
5062 1348
5063 1349
5064 1350
5065 1351
5066 1352
5067 1353
5068 1354
5069 1355
5070 1356
5071 1357
5072 1358
5073 1359
5074 1360
5075 1361
5076 1362
5077 1363
5078 1364
5079 1365
5080 1366
5081 1367
5082 1368
5083 1369
5084 1370
5085 1371
5086 1372
5087 1373
5088 1374
5089 1375
5090 1376
5091 1377
5092 1378
5093 1379
5094 1380
5095 1381
5096 1382
5097 1383
5098 1384
5099 1385
5100 1386
5101 1387
5102 1388
5103 1389
5104 1390
5105 1391
5106 1392
5107 1393
5108 1394
5109 1395
5110 1396
5111 1397
5112 1398
5113 1399
5114 1400
5115 1401
5116 1402
5117 1403
5118 1404
5119 1405
5120 1406
5121 1407
5122 1408
5123 1409
5124 1410
5125 1411
5126 1412
5127 1413
5128 1414
5129 1415
5130 1416
5131 1417
5132 1418
5133 1419
5134 1420
5135 1421
5136 1422
5137 1423
5138 1424
5139 1425
5140 1426
5141 1427
5142 1428
5143 1429
5144 1430
5145 1431
5146 1432
5147 1433
5148 1434
5149 1435
5150 1436
5151 1437
5152 1438
5153 1439
5154 1440
5155 1441
5156 1442
5157 1443
5158 1444
5159 1445
5160 1446
5161 1447
5162 1448
5163 1449
5164 1450
5165 1451
5166 1452
5167 1453
5168 1454
5169 1455
5170 1456
5171 1457
5172 1458
5173 1459
5174 1460
5175 1461
5176 1462
5177 1463
5178 1464
5179 1465
5180 1466
5181 1467
5182 1468
5183 1469
5184 1470
5185 1471
5186 1472
5187 1473
5188 1474
5189 1475
5190 1476
5191 1477
5192 1478
5193 1479
5194 1480
5195 1481
5196 1482
5197 1483
5198 1484
5199 1485
5200 1486
5201 1487
5202 1488
5203 1489
5204 1490
5205 1491
5206 1492
5207 1493
5208 1494
5209 1495
5210 1496
5211 1497
5212 1498
5213 1499
5214 1500
5215 1501
5216 1502
5217 1503
5218 1504
5219 1505
5220 1506
5221 1507
5222 1508
5223 1509
5224 1510
5225 1511
5226 1512
5227 1513
5228 1514
5229 1515
5230 1516
5231 1517
5232 1518
5233 1519
5234 1520
5235 1521
5236 1522
5237 1523
5238 1524
5239 1525
5240 1526
5241 1527
5242 1528
5243 1529
5244 1530
5245 1531
5246 1532
5247 1533
5248 1534
5249 1535
5250 1536
5251 1537
5252 1538
5253 1539
5254 1540
5255 1541
5256 1542
5257 1543
5258 1544
5259 1545
5260 1546
5261 1547
5262 1548
5263 1549
5264 1550
5265 1551
5266 1552
5267 1553
5268 1554
5269 1555
5270 1556
5271 1557
5272 1558
5273 1559
5274 1560
5275 1561
5276 1562
5277 1563
5278 1564
5279 1565
5280 1566
5281 1567
5282 1568
5283 1569
5284 1570
5285 1571
5286 1572
5287 1573
5288 1574
5289 1575
5290 1576
5291 1577
5292 1578
5293 1579
5294 1580
5295 1581
5296 1582
5297 1583
5298 1584
5299 1585
5300 1586
5301 1587
5302 1588
5303 1589
5304 1590
5305 1591
5306 1592
5307 1593
5308 1594
5309 1595
5310 1596
5311 1597
5312 1598
5313 1599
5314 1600
5315 1601
5316 1602
5317 1603
5318 1604
5319 1605
5320 1606
5321 1607
5322 1608
5323 1609
5324 1610
5325 1611
5326 1612
5327 1613
5328 1614
5329 1615
5330 1616
5331 1617
5332 1618
5333 1619
5334 1620
5335 1621
5336 1622
5337 1623
5338 1624
5339 1625
5340 1626
5341 1627
5342 1628
5343 1629
5344 1630
5345 1631
5346 1632
5347 1633
5348 1634
5349 1635
5350 1636
5351 1637
5352 1638
5353 1639
5354 1640
5355 1641
5356 1642
5357 1643
5358 1644
5359 1645
5360 1646
5361 1647
5362 1648
5363 1649
5364 1650
5365 1651
5366 1652
5367 1653
5368 1654
5369 1655
5370 1656
5371 1657
5372 1658
5374 1659
5375 1660
5376 1661
5377 1662
5378 1663
5379 1664
5380 1665
5381 1666
5382 1667
5383 1668
5384 1669
5385 1670
5386 1671
5387 1672
5388 1673
5389 1674
5390 1675
5391 1676
5392 1677
5393 1678
5394 1679
5395 1680
5396 1681
5397 1682
5398 1683
5399 1684
5400 1685
5401 1686
5402 1687
5403 1688
5404 1689
5405 1690
5406 1691
5407 1692
5408 1693
5409 1694
5410 1695
5411 1696
5412 1697
5413 1698
5414 1699
5415 1700
5416 1701
5417 1702
5418 1703
5419 1704
5420 1705
5421 1706
5422 1707
5423 1708
5424 1709
5425 1710
5426 1711
5427 1712
5428 1713
5429 1714
5430 1715
5431 1716
5432 1717
5433 1718
5434 1719
5435 1720
5436 1721
5437 1722
5438 1723
5439 1724
5440 1725
5441 1726
5442 1727
5443 1728
5444 1729
5445 1730
5446 1731
5447 1732
5448 1733
5449 1734
5450 1735
5451 1736
5452 1737
5453 1738
5454 1739
5455 1740
5456 1741
5457 1742
5458 1743
5459 1744
5460 1745
5461 1746
5462 1747
5463 1748
5464 1749
5465 1750
5466 1751
5467 1752
5468 1753
5469 1754
5470 1755
5471 1756
5472 1757
5473 1758
5474 1759
5475 1760
5476 1761
5477 1762
5478 1763
5479 1764
5480 1765
5481 1766
5482 1767
5483 1768
5484 1769
5485 1770
5486 1771
5487 1772
5488 1773
5489 1774
5490 1775
5491 1776
5492 1777
5493 1778
5494 1779
5495 1780
5496 1781
5497 1782
5498 1783
5499 1784
5500 1785
5501 1786
5502 1787
5503 1788
5504 1789
5505 1790
5506 1791
5507 1792
5508 1793
5509 1794
5510 1795
5511 1796
5512 1797
5513 1798
5514 1799
5515 1800
5516 1801
5517 1802
5518 1803
5519 1804
5520 1805
5521 1806
5522 1807
5523 1808
5524 1809
5525 1810
5526 1811
5527 1812
5528 1813
5529 1814
5530 1815
5531 1816
5532 1817
5533 1818
5534 1819
5535 1820
5536 1821
5537 1822
5538 1823
5539 1824
5540 1825
5541 1826
5542 1827
5543 1828
5544 1829
5545 1830
5546 1831
5547 1832
5548 1833
5549 1834
5550 1835
5551 1836
5552 1837
5553 1838
5554 1839
5555 1840
5556 1841
5557 1842
5558 1843
5559 1844
5560 1845
5561 1846
5562 1847
5563 1848
5564 1849
5565 1850
5566 1851
5567 1852
5568 1853
5569 1854
5570 1855
5571 1856
5572 1857
5573 1858
5574 1859
5575 1860
5576 1861
5577 1862
5578 1863
5579 1864
5580 1865
5581 1866
5582 1867
5583 1868
5584 1869
5585 1870
5586 1871
5587 1872
5588 1873
5589 1874
5590 1875
5591 1876
5592 1877
5593 1878
5594 1879
5595 1880
5596 1881
5597 1882
5598 1883
5599 1884
5600 1885
5601 1886
5602 1887
5603 1888
5604 1889
5605 1890
5606 1891
5607 1892
5608 1893
5609 1894
5610 1895
5611 1896
5612 1897
5613 1898
5614 1899
5615 1900
5616 1901
5617 1902
5618 1903
5619 1904
5620 1905
5621 1906
5622 1907
5623 1908
5624 1909
5625 1910
5626 1911
5627 1912
5628 1913
5629 1914
5630 1915
5631 1916
5632 1917
5633 1918
5634 1919
5635 1920
5636 1921
5637 1922
5638 1923
5639 1924
5640 1925
5641 1926
5642 1927
5643 1928
5644 1929
5645 1930
5646 1931
5647 1932
5648 1933
5649 1934
5650 1935
5651 1936
5652 1937
5653 1938
5654 1939
5655 1940
5656 1941
5657 1942
5658 1943
5659 1944
5660 1945
5661 1946
5662 1947
5663 1948
5664 1949
5665 1950
5666 1951
5667 1952
5668 1953
5669 1954
5670 1955
5671 1956
5672 1957
5673 1958
5674 1959
5675 1960
5676 1961
5677 1962
5678 1963
5679 1964
5680 1965
5681 1966
5682 1967
5683 1968
5684 1969
5685 1970
5686 1971
5687 1972
5688 1973
5689 1974
5690 1975
5691 1976
5692 1977
5693 1978
5694 1979
5695 1980
5696 1981
5697 1982
5698 1983
5699 1984
5700 1985
5701 1986
5702 1987
5703 1988
5704 1989
5705 1990
5706 1991
5707 1992
5708 1993
5709 1994
5710 1995
5711 1996
5712 1997
5713 1998
5714 1999
5715 2000
5716 2001
5717 2002
5718 2003
5719 2004
5720 2005
5721 2006
5722 2007
5723 2008
5724 2009
5725 2010
5726 2011
5727 2012
5728 2013
5729 2014
5730 2015
5731 2016
5732 2017
5733 2018
5734 2019
5735 2020
5736 2021
5737 2022
5738 2023
5739 2024
5740 2025
5741 2026
5742 2027
5743 2028
5744 2029
5745 2030
5746 2031
5747 2032
5748 2033
5749 2034
5750 2035
5751 2036
5752 2037
5753 2038
5754 2039
5755 2040
5756 2041
5757 2042
5758 2043
5759 2044
5760 2045
5761 2046
5762 2047
5763 2048
5764 2049
5765 2050
5766 2051
5767 2052
5768 2053
5769 2054
5770 2055
5771 2056
5772 2057
5773 2058
5774 2059
5775 2060
5776 2061
5777 2062
5778 2063
5779 2064
5780 2065
5781 2066
5782 2067
5783 2068
5784 2069
5785 2070
5786 2071
5787 2072
5788 2073
5789 2074
5790 2075
5791 2076
5792 2077
5793 2078
5794 2079
5795 2080
5796 2081
5797 2082
5798 2083
5799 2084
5800 2085
5801 2086
5802 2087
5803 2088
5804 2089
5805 2090
5806 2091
5807 2092
5808 2093
5809 2094
5810 2095
5811 2096
5812 2097
5813 2098
5814 2099
5815 2100
5816 2101
5817 2102
5818 2103
5819 2104
5820 2105
5821 2106
5822 2107
5823 2108
5824 2109
5825 2110
5826 2111
5827 2112
5828 2113
5829 2114
5830 2115
5831 2116
5832 2117
5833 2118
5834 2119
5835 2120
5836 2121
5837 2122
5838 2123
5839 2124
5840 2125
5841 2126
5842 2127
5843 2128
5844 2129
5845 2130
5846 2131
5847 2132
5848 2133
5849 2134
5850 2135
5851 2136
5852 2137
5853 2138
5854 2139
5855 2140
5856 2141
5857 2142
5858 2143
5859 2144
5860 2145
5861 2146
5862 2147
5863 2148
5864 2149
5865 2150
5866 2151
5867 2152
5868 2153
5869 2154
5870 2155
5871 2156
5872 2157
5873 2158
5874 2159
5875 2160
5876 2161
5877 2162
5878 2163
5879 2164
5880 2165
5881 2166
5882 2167
5883 2168
5884 2169
5885 2170
5886 2171
5887 2172
5888 2173
5889 2174
5890 2175
5891 2176
5892 2177
5893 2178
5894 2179
5895 2180
5896 2181
5897 2182
5898 2183
5899 2184
5900 2185
5901 2186
5902 2187
5903 2188
5904 2189
5905 2190
5906 2191
5907 2192
5908 2193
5909 2194
5910 2195
5911 2196
5912 2197
5913 2198
5914 2199
5915 2200
5916 2201
5917 2202
5918 2203
5919 2204
5920 2205
5921 2206
5922 2207
5923 2208
5924 2209
5925 2210
5926 2211
5927 2212
5928 2213
5929 2214
5930 2215
5931 2216
5932 2217
5933 2218
5934 2219
5935 2220
5936 2221
5937 2222
5938 2223
5939 2224
5940 2225
5941 2226
5942 2227
5943 2228
5944 2229
5945 2230
5946 2231
5947 2232
5948 2233
5949 2234
5950 2235
5951 2236
5952 2237
5953 2238
5954 2239
5955 2240
5956 2241
5957 2242
5958 2243
5959 2244
5960 2245
5961 2246
5962 2247
5963 2248
5964 2249
5965 2250
5966 2251
5967 2252
5968 2253
5969 2254
5970 2255
5971 2256
5972 2257
5973 2258
5974 2259
5975 2260
5976 2261
5977 2262
5978 2263
5979 2264
5980 2265
5981 2266
5982 2267
5983 2268
5984 2269
5985 2270
5986 2271
5987 2272
5988 2273
5989 2274
5990 2275
5991 2276
5992 2277
5993 2278
5994 2279
5995 2280
5996 2281
5997 2282
5998 2283
5999 2284
6000 2285
6001 2286
6002 2287
6003 2288
6004 2289
6005 2290
6006 2291
6007 2292
6008 2293
6009 2294
6010 2295
6011 2296
6012 2297
6013 2298
6014 2299
6015 2300
6016 2301
6017 2302
6018 2303
6019 2304
6020 2305
6021 2306
6022 2307
6023 2308
6024 2309
6025 2310
6026 2311
6027 2312
6028 2313
6029 2314
6030 2315
6031 2316
6032 2317
6033 2318
6034 2319
6035 2320
6036 2321
6037 2322
6038 2323
6039 2324
6040 2325
6041 2326
6042 2327
6043 2328
6044 2329
6045 2330
6046 2331
6047 2332
6048 2333
6049 2334
6050 2335
6051 2336
6052 2337
6053 2338
6054 2339
6055 2340
6056 2341
6057 2342
6058 2343
6059 2344
6060 2345
6061 2346
6062 2347
6063 2348
6064 2349
6065 2350
6066 2351
6067 2352
6068 2353
6069 2354
6070 2355
6071 2356
6072 2357
6073 2358
6074 2359
6075 2360
6076 2361
6077 2362
6078 2363
6079 2364
6080 2365
6081 2366
6082 2367
6083 2368
6084 2369
6085 2370
6086 2371
6087 2372
6088 2373
6089 2374
6090 2375
6091 2376
6092 2377
6093 2378
6094 2379
6095 2380
6096 2381
6097 2382
6098 2383
6099 2384
6100 2385
6101 2386
6102 2387
6103 2388
6104 2389
6105 2390
6106 2391
6107 2392
6108 2393
6109 2394
6110 2395
6111 2396
6112 2397
6113 2398
6114 2399
6115 2400
6116 2401
6117 2402
6118 2403
6119 2404
6120 2405
6121 2406
6122 2407
6123 2408
6124 2409
6125 2410
6126 2411
6127 2412
6128 2413
6129 2414
6130 2415
6131 2416
6132 2417
6133 2418
6134 2419
6135 2420
6136 2421
6137 2422
6138 2423
6139 2424
6140 2425
6141 2426
6142 2427
6143 2428
6144 2429
6145 2430
6146 2431
6147 2432
6148 2433
6149 2434
6150 2435
6151 2436
6152 2437
6153 2438
6154 2439
6155 2440
6156 2441
6157 2442
6158 2443
6159 2444
6160 2445
6161 2446
6162 2447
6163 2448
6164 2449
6165 2450
6166 2451
6167 2452
6168 2453
6169 2454
6170 2455
6171 2456
6172 2457
6173 2458
6174 2459
6175 2460
6176 2461
6177 2462
6178 2463
6179 2464
6180 2465
6181 2466
6182 2467
6183 2468
6184 2469
6185 2470
6186 2471
6187 2472
6188 2473
6189 2474
6190 2475
6191 2476
6192 2477
6193 2478
6194 2479
6195 2480
6196 2481
6197 2482
6198 2483
6199 2484
6200 2485
6201 2486
6202 2487
6203 2488
6204 2489
6205 2490
6206 2491
6207 2492
6208 2493
6209 2494
6210 2495
6211 2496
6212 2497
6213 2498
6214 2499
6215 2500
6216 2501
6217 2502
6218 2503
6219 2504
6220 2505
6221 2506
6222 2507
6223 2508
6224 2509
6225 2510
6226 2511
6227 2512
6228 2513
6229 2514
6230 2515
6231 2516
6232 2517
6233 2518
6234 2519
6235 2520
6236 2521
6237 2522
6238 2523
6239 2524
6240 2525
6241 2526
6242 2527
6243 2528
6244 2529
6245 2530
6246 2531
6247 2532
6248 2533
6249 2534
6250 2535
6251 2536
6252 2537
6253 2538
6254 2539
6255 2540
6256 2541
6257 2542
6258 2543
6259 2544
6260 2545
6261 2546
6262 2547
6263 2548
6264 2549
6265 2550
6266 2551
6267 2552
6268 2553
6269 2554
6270 2555
6271 2556
6272 2557
6273 2558
6274 2559
6275 2560
6276 2561
6277 2562
6278 2563
641 2564
911 2565
cf_of_fingers 2566
cf_of_whitehead 2567
